19 20 0
30
25 35 0
30 58 62 32 31 32 22 64 89 90
10 27 10 29 56 35 28
45 56 58
29 28 54 78 58 96 32 10 28 35
36 98 75 32 54 85 96
32 42 45
10 27 77 88 28 62 52 35 53 90
50 51 52 53 56 55 56 57 58 59
60 61 62 63 64 65 66 67 68 69
70 71 72 73 74 75 76 77
78 79
80 81 82 83 84 85 86 87 88 89
90 31 32 33 34 35 36 37 38 41
0
10 10 0
11 10 12 13 14 0
10 11 12 13 14 15 16 17 18 19 20 0
10 26 0
42 87 88 90 0
53 54 55 68 20
0
50 51 52 53 54 55 56 25
18 0
56 90 10 25 32 64 58 52 0


13 57 22
17 0
71 83 23 0
11 13 19 29 44
90 0
22 24 26 28 30 35 45 55 65 70 71
0
10 20 30 40 50 60 70 80 90 0
89 87 81 83 79 0
10 11 12 13 14 15 16 17 18 19 20 0
41 83 23 19 20 75
0
11 31 53 67 83 0
22 32 42 52 62 72 82 0
21 23 25 88 30 33 37 70 79 75
72 41 42 43 43 43 43 61 61 61 61 0 
68 36 31 69 67 62 35 35 43 37 30 0
0 0 0
