4 3
7 1 1
7 1 7
1 7 7
7 7 7
6 8
9 1 9 9 1 1 1 1
1 9 9 1 9 9 9 9
9 9 1 9 9 1 1 1
1 1 9 9 1 9 9 9
9 9 9 1 9 9 9 9
9 9 1 9 9 9 9 9
6 7
1 9 9 1 9 9 9
9 1 1 9 9 9 9
9 9 9 9 1 1 1
9 9 9 1 9 9 9
9 9 1 9 9 9 9
9 1 9 9 1 1 1
5 4
9 1 9 9
1 9 9 9
9 9 9 9
1 1 1 1
9 9 1 9
5 6
-3 -4 -1 -2 -8 -6
-6 -1 -8 -2 -7 -4 -5 -9 -3 -9 -9 -5
-8 -4 -1 -3 -2 -6 -3 -7 -2 -8 -6 -4
6 6
1 2 2 1 1 1
1 1 2 2 1 1
1 1 1 2 2 1
1 1 1 2 2 1
1 1 1 2 1 1
1 1 1 1 2 1
6 8
-7  -58  -78 -85  73  96  26 -68
68   33  -82 -80  79 -79 -35 -38
-35  91   24 -41 -60  74  20 -76
34    3  -49  23 -94 -27  46 -51
15   68  -35 -63  14  41 -31 -19
-77 -62  -49  52 -41  17  64  24
10 2
9 9
9 9
9 9
9 9
9 9
9 9
9 9
9 9
9 9
1 1
6 15
 -60   27   64   98   39   -2   99    9   87   66  -61  -75  -44   15  -99
 -62  -14   43   98  -53  -98   86    2   61  -51   54  -81   16   61   58
 -90   51  -66   24   48   74   72   46  -68   58  -38  -29   33   18   36
  34    6   72  -24    3  -81  -72  -61  -29   40  -62  -76   59    4   85
  16   14   36   51   88  -67  -26    9   30    6  -34   92   28   49    9
 -87  -18  -86   86   59  -33  -96   87  -44  -25   26   -6  -50  -66   98
5 11
   8    2    2   11   10  -16   10   -4  -16  -15  -18
   3   -3    0    9  -13  -20   14   -2  -18    4    3
   2  -20   -6  -11  -17  -17    0   19  -18  -11    3
   4  -20   -8    8   10   10   15   16   12   -3   -8
  -7  -15    1   -7  -20   19   -3    4    3   20    6
7 12
 20  -1  14 -15 -14  20  10   3  18  10  12 -16
-20   1  18 -18 -15  13   2  11  -8   4 -14  -3
 18 -12  13 -10 -16 -14  -9 -16   7 -14 -11  14
-14 -20  -4 -15  10 -13 -10  10  10 -11  12  18
-19  -5   8  -7  20  16  13  17 -15   5 -12 -10
 13  -1  -6   1   7   3  -6  13   5  13 -20  -6
-19 -10 -15  14  -1  19  11   1  -6  -2  14  -7
