990
1 4 0
2 4 2
3 45678 12345
4 12345 9876
5 34567 11398
6 4792 590
7 4119 1094
8 28934 22672
9 15200 4647
10 4741 3982
11 14642 3056
12 20209 5536
13 3644 2900
14 14472 1737
15 2001 1909
16 31072 11465
17 9184 5576
18 6909 3505
19 13606 5036
20 27683 2293
21 6050 4266
22 30953 9866
23 2377 520
24 18703 6787
25 31484 7879
26 22673 21008
27 28087 19517
28 32380 6061
29 12299 8201
30 13825 6307
31 4046 2857
32 32200 14288
33 21521 2858
34 16775 3156
35 4946 3108
36 466 170
37 14835 3077
38 11829 2301
39 21739 834
40 25984 21407
41 29884 1498
42 4194 1215
43 15525 6376
44 2617 858
45 29208 68
46 19497 7546
47 8302 5476
48 20075 4599
49 9434 8587
50 5096 1282
51 13979 5939
52 5127 795
53 16246 3707
54 30403 4073
55 6244 5902
56 22272 5821
57 32392 8456
58 32543 23157
59 21603 15532
60 21456 5118
61 843 168
62 24871 13919
63 4377 144
64 15859 4249
65 15907 9753
66 14667 4317
67 16234 6622
68 1641 627
69 26900 1500
70 23228 17110
71 23836 17009
72 12856 3828
73 4680 4178
74 11761 6530
75 18267 8963
76 16616 8182
77 13964 1131
78 7972 6164
79 7480 136
80 8965 7763
81 27604 3107
82 7382 7362
83 12837 7744
84 16545 7258
85 7091 3045
86 9799 4282
87 4219 170
88 4047 636
89 19940 756
90 27135 12002
91 3060 900
92 15145 12213
93 708 664
94 29768 7978
95 25649 5112
96 22604 1906
97 7637 4945
98 28081 2372
99 30518 22575
100 11862 9736
101 24636 24231
102 27021 20175
103 1001 567
104 3182 1877
105 29508 1547
106 17522 12029
107 31894 24739
108 12349 8084
109 729 683
110 4794 1935
111 26990 12909
112 15469 5848
113 26638 13806
114 7941 2287
115 23299 4349
116 16177 12628
117 25496 7703
118 30901 15084
119 27854 24954
120 18621 3522
121 26704 12408
122 4721 1887
123 22441 7876
124 4553 2333
125 30133 11545
126 28835 1350
127 5205 32
128 12819 2450
129 615 372
130 26618 25705
131 3574 3245
132 26330 16603
133 30381 19097
134 27624 3393
135 25746 4133
136 26979 1900
137 14065 7032
138 27941 21475
139 16277 3738
140 21880 4359
141 15934 9055
142 18474 2428
143 12368 2698
144 8164 6733
145 18633 5987
146 17335 8376
147 9333 8809
148 7416 5661
149 3685 2216
150 8014 5391
151 26781 2755
152 5897 3215
153 3341 551
154 12725 6946
155 15043 553
156 29935 27335
157 25438 4130
158 6008 3451
159 27846 1949
160 28808 506
161 15130 8353
162 29029 3087
163 5866 4241
164 23859 19243
165 17319 1010
166 13070 6934
167 23127 22845
168 32342 17680
169 15501 11626
170 330 168
171 13209 2693
172 28121 15610
173 4092 687
174 8372 5963
175 23839 4740
176 4776 166
177 32068 20119
178 29739 4393
179 16828 1412
180 10037 1225
181 21338 20313
182 2897 336
183 32553 30227
184 20467 10724
185 15194 3274
186 16652 15829
187 30848 11305
188 16860 13890
189 4864 4671
190 27143 4203
191 30914 20227
192 30956 21653
193 22317 4703
194 4914 4904
195 25939 1271
196 32419 32056
197 7784 1266
198 20542 6659
199 121 17
200 16519 881
201 9050 1253
202 6690 6336
203 15329 10915
204 30368 11072
205 24401 14896
206 15769 3610
207 6937 373
208 6651 614
209 13503 6410
210 22945 15251
211 9751 4966
212 27432 21049
213 10680 3148
214 28158 12250
215 27568 14289
216 2235 2052
217 12919 4667
218 31157 19956
219 5154 4653
220 5582 552
221 3033 443
222 10641 6257
223 907 34
224 28798 413
225 9696 8150
226 5793 858
227 3184 2396
228 30826 20290
229 7730 2010
230 5304 356
231 12855 8264
232 25911 25704
233 19096 17315
234 4332 3637
235 31661 1332
236 11534 8054
237 21375 9259
238 24 15
239 21888 4872
240 31516 18368
241 24186 18237
242 23898 1755
243 1222 824
244 13841 12104
245 18622 13240
246 14485 2305
247 10612 7525
248 5794 709
249 29093 2153
250 21744 20048
251 20712 5851
252 19975 10447
253 5419 3998
254 22357 8334
255 6240 3791
256 15486 7001
257 13940 3096
258 1267 466
259 24449 2775
260 14278 2556
261 6724 1769
262 4541 1888
263 2769 2474
264 24997 18076
265 20869 2623
266 32488 717
267 22077 6714
268 3682 1292
269 21445 6878
270 2417 191
271 14228 9060
272 15179 599
273 10678 888
274 10389 3923
275 20745 5871
276 5425 4113
277 10156 4953
278 7255 4009
279 29621 29038
280 3815 3484
281 14370 10875
282 3069 67
283 12819 3261
284 1990 1037
285 13878 12720
286 13459 9154
287 642 328
288 556 207
289 22568 9228
290 10087 827
291 29126 3572
292 27129 2645
293 10718 4736
294 6283 353
295 25992 22784
296 27409 19157
297 5987 3495
298 15703 7950
299 28369 688
300 22492 5987
301 1892 911
302 15076 1754
303 11411 9851
304 8137 1695
305 1458 1097
306 9362 297
307 15905 163
308 21958 4909
309 32195 7476
310 2691 1770
311 17841 27
312 18122 11388
313 1328 1318
314 6173 4971
315 31457 4315
316 8268 1705
317 13880 7285
318 17036 7437
319 19759 2272
320 9929 4594
321 6716 2683
322 1853 591
323 5760 1087
324 31810 30673
325 9281 8828
326 14948 9027
327 23962 7682
328 30395 4435
329 15217 13894
330 25976 5945
331 10410 4634
332 1725 366
333 21914 5993
334 13746 3692
335 24511 4173
336 11733 8141
337 8622 1075
338 31377 15864
339 16204 14156
340 1299 725
341 16961 15163
342 13401 5757
343 23210 4664
344 21387 15104
345 6158 5475
346 12943 410
347 11924 823
348 13528 2749
349 7283 50
350 17022 1904
351 17321 12942
352 20372 16334
353 19440 4108
354 28086 5457
355 24814 3008
356 7137 3272
357 8364 4474
358 18567 12479
359 20041 10011
360 14819 1679
361 7408 831
362 20619 3841
363 9991 3568
364 22596 34
365 26025 3095
366 23321 14996
367 15447 513
368 10927 2892
369 27882 8321
370 5075 2560
371 1996 1202
372 28757 8195
373 11368 1276
374 2841 705
375 11743 2350
376 2667 1130
377 28669 1180
378 21651 4507
379 4203 2679
380 8873 2234
381 12326 2503
382 13739 5014
383 28975 266
384 25037 14943
385 31877 19813
386 25616 22158
387 9296 3308
388 13846 1014
389 30303 10668
390 21557 20395
391 21204 8644
392 10698 9759
393 23326 1289
394 6096 5241
395 19752 16778
396 18865 701
397 7888 465
398 19547 1659
399 28059 4002
400 7063 2720
401 5799 416
402 6550 806
403 2785 1138
404 9421 7848
405 13175 9453
406 16388 9814
407 31377 3119
408 169 98
409 19516 10179
410 14185 2385
411 9126 6812
412 1794 1112
413 30865 5298
414 23890 7034
415 8450 1359
416 692 424
417 31545 9579
418 13197 12758
419 29670 29231
420 30754 10567
421 15514 1546
422 11949 1027
423 18044 8442
424 31663 29933
425 21821 18193
426 5255 2825
427 15950 4031
428 6212 1351
429 10320 310
430 27320 1043
431 24268 8741
432 17869 6425
433 3620 2260
434 29981 8381
435 31689 759
436 28604 19591
437 3759 3268
438 17496 10309
439 15358 5691
440 2949 1924
441 11275 2339
442 21586 18808
443 11142 9138
444 16160 9754
445 15605 11404
446 15028 108
447 24160 14033
448 6026 5794
449 22350 13905
450 25964 9747
451 8945 4818
452 20292 574
453 19102 9179
454 26927 1384
455 17536 14272
456 9426 1793
457 10892 2185
458 24561 1039
459 23991 12486
460 16701 4883
461 26983 11286
462 22382 20381
463 15144 14587
464 11922 1672
465 673 372
466 20389 13297
467 19910 2560
468 24161 4980
469 13647 4122
470 18775 8500
471 11624 9193
472 16447 1752
473 20138 5272
474 25741 22996
475 11082 3305
476 26693 3818
477 1168 695
478 3855 2736
479 29835 1882
480 17806 4932
481 24580 4694
482 17134 15580
483 17584 16956
484 26812 15666
485 14249 12699
486 21755 4001
487 10271 8502
488 23156 15513
489 14923 11184
490 21325 9260
491 20133 12619
492 477 350
493 2391 2076
494 29631 17751
495 28145 17374
496 6949 1268
497 25438 20921
498 4719 2862
499 13335 4370
500 15869 12415
501 24214 11351
502 16449 15717
503 18958 422
504 29720 17996
505 13145 12313
506 24922 15738
507 26162 20134
508 24495 14022
509 5796 2894
510 23461 3253
511 28354 5589
512 29184 10426
513 9369 3003
514 21842 3582
515 11363 7640
516 12747 4708
517 23294 17124
518 849 448
519 3228 1175
520 4563 123
521 9147 2894
522 2011 524
523 29784 4560
524 22371 5813
525 28511 26680
526 24810 387
527 8807 3987
528 4295 1861
529 24476 11429
530 26300 16197
531 8700 3280
532 7118 3244
533 455 299
534 23124 3779
535 19760 1650
536 15439 4516
537 6489 2559
538 1017 277
539 24446 13878
540 17057 1296
541 31345 18727
542 25013 5720
543 6214 2713
544 16929 5781
545 29775 13503
546 26071 15801
547 27979 3798
548 22447 8803
549 19418 4281
550 17778 11426
551 19764 5282
552 49 38
553 17947 6640
554 22236 4840
555 29198 2706
556 32528 690
557 17088 7836
558 47 1
559 17352 5508
560 21686 16723
561 26266 14416
562 13771 5196
563 19126 4632
564 17686 3565
565 22047 2087
566 2258 288
567 12815 4925
568 28196 26914
569 32745 29492
570 17835 4001
571 23151 8041
572 28248 25095
573 30517 1193
574 8832 2084
575 31829 326
576 6959 1510
577 24165 316
578 32192 12366
579 23206 7032
580 18346 11391
581 24958 5997
582 11421 3073
583 1321 937
584 6862 6708
585 16555 13589
586 22927 17244
587 11017 5798
588 30242 4631
589 27320 2103
590 29391 2911
591 32086 21487
592 27700 18071
593 10136 6089
594 10461 1183
595 8580 6801
596 18196 16080
597 21216 7626
598 31994 24576
599 13290 1313
600 7895 3333
601 9801 1967
602 24495 1778
603 23108 4048
604 22 11
605 5170 1468
606 24388 18693
607 26161 20295
608 8812 2131
609 12827 7844
610 26186 2555
611 1974 583
612 12028 8680
613 13099 7934
614 2578 2480
615 4026 1163
616 5864 3422
617 29355 889
618 26932 26106
619 17032 13205
620 31195 25738
621 3721 940
622 6665 795
623 14928 2326
624 7296 2672
625 4566 4530
626 10544 3152
627 22950 451
628 28424 9936
629 12105 10
630 10253 7080
631 19969 2865
632 9129 4751
633 3002 485
634 19269 5799
635 8765 3099
636 21786 10492
637 6311 332
638 6467 1589
639 24857 2570
640 15639 14672
641 32434 17413
642 10423 1610
643 18362 6379
644 31459 4751
645 6176 524
646 28434 20093
647 2087 1425
648 27073 1571
649 31580 888
650 7947 4086
651 7115 537
652 1914 586
653 5490 2119
654 5917 4226
655 9718 3394
656 27354 4675
657 21653 13902
658 24582 8347
659 26204 5663
660 18995 7725
661 25242 11558
662 15177 11427
663 15252 7223
664 4569 4062
665 28538 24879
666 16813 5139
667 13722 5659
668 2724 908
669 3028 105
670 4541 3004
671 14414 638
672 4209 2939
673 4969 244
674 3654 2695
675 11763 2506
676 22689 7697
677 10142 5407
678 11483 8881
679 18864 9937
680 18584 11650
681 14845 3070
682 21588 4786
683 23058 7784
684 23615 13207
685 9908 7892
686 19275 11202
687 11145 4246
688 7299 5593
689 24340 7265
690 13982 11936
691 31463 10001
692 9684 5971
693 9235 1347
694 10224 274
695 30692 333
696 16039 1421
697 20683 7713
698 15400 6709
699 22428 7718
700 32244 19879
701 13561 7083
702 18928 11160
703 30478 17775
704 440 152
705 32640 19174
706 8247 3044
707 3487 1057
708 13685 1684
709 14563 6382
710 21679 2942
711 28566 5542
712 10413 682
713 19918 3564
714 8784 170
715 24734 21434
716 30059 177
717 10637 4670
718 22483 2049
719 30279 8047
720 14010 644
721 24723 11421
722 22072 15006
723 2693 362
724 3883 248
725 27381 5791
726 8001 1305
727 15920 15780
728 16211 7729
729 28396 13731
730 29685 14340
731 2946 1252
732 19531 884
733 6999 1249
734 798 651
735 26779 93
736 13870 11482
737 4663 4325
738 10186 3247
739 31232 21491
740 16031 14963
741 25393 507
742 14286 3728
743 21784 15605
744 16193 1563
745 5647 3981
746 25150 15119
747 21166 10111
748 4156 290
749 17727 16188
750 7670 547
751 29042 7683
752 32447 4264
753 18515 13232
754 10261 2262
755 18552 10573
756 21368 4853
757 28287 2118
758 4733 2082
759 2488 708
760 26910 802
761 18718 10739
762 25172 3828
763 5260 5248
764 21224 4614
765 1581 1562
766 16005 23
767 6197 551
768 4883 3395
769 23246 1603
770 11840 7002
771 18005 2473
772 24927 19086
773 32199 6320
774 26486 9476
775 5494 5295
776 402 219
777 12801 10013
778 11614 10299
779 4994 3688
780 10740 9561
781 24841 4696
782 16115 2256
783 18506 2706
784 31186 8491
785 17810 5719
786 21876 7558
787 10240 7781
788 32764 14919
789 9713 1602
790 13026 13014
791 5564 4844
792 20807 13988
793 7840 17
794 16517 12141
795 30202 12907
796 12043 3502
797 31931 26222
798 15720 2217
799 20762 6129
800 15781 7242
801 10374 5306
802 31960 1824
803 1503 226
804 19190 12071
805 8165 1716
806 13545 9775
807 3057 2837
808 9442 9066
809 227 137
810 23793 273
811 18011 17251
812 32723 8528
813 9260 6694
814 7179 1543
815 26125 9053
816 27956 20931
817 18322 14077
818 18325 15600
819 23643 4395
820 25078 2111
821 18572 4394
822 29106 12628
823 23932 11196
824 19726 11069
825 28338 847
826 1993 1725
827 29453 1178
828 15860 14362
829 17986 15072
830 260 149
831 7820 4940
832 6950 1039
833 2718 2078
834 7378 3243
835 3037 2634
836 26787 8317
837 8396 2348
838 12646 6721
839 21447 20070
840 7793 58
841 8693 7456
842 2614 2418
843 20088 10633
844 3863 728
845 30182 22230
846 22140 1167
847 30205 26274
848 24099 4785
849 32146 22068
850 10168 7137
851 22731 1389
852 1702 837
853 19854 16359
854 44 43
855 7225 2778
856 29107 2137
857 30868 2625
858 29023 24058
859 3844 1316
860 7396 3972
861 27137 12713
862 19099 7274
863 19401 7975
864 20693 2012
865 20566 10435
866 22383 21750
867 27534 12317
868 26534 5841
869 6075 1016
870 11821 5926
871 18490 1191
872 9085 2524
873 29815 2026
874 3693 1719
875 20249 9236
876 5378 1268
877 32121 23202
878 20360 4121
879 25433 4771
880 4577 594
881 22227 5400
882 24350 3536
883 20623 19542
884 15180 1261
885 27705 4779
886 20368 10498
887 19762 1809
888 5239 179
889 15238 2126
890 30343 21647
891 3359 956
892 10522 484
893 12088 5783
894 7020 2781
895 25620 1737
896 17394 11214
897 2287 38
898 13805 491
899 30773 10463
900 13632 5408
901 23538 6481
902 15486 14624
903 1161 731
904 10568 10102
905 6058 1718
906 726 297
907 11134 7641
908 3795 3118
909 8740 5633
910 10350 3237
911 22881 9631
912 3502 545
913 659 423
914 5893 243
915 14055 12698
916 3369 1039
917 7116 2026
918 4383 1076
919 11176 10896
920 19096 2570
921 30409 11883
922 20609 5419
923 28830 2484
924 32726 24780
925 7463 6088
926 13495 5120
927 12970 5296
928 6589 1312
929 936 577
930 398 208
931 17679 517
932 32431 13167
933 1201 1111
934 11674 9401
935 25589 4198
936 25873 18584
937 27340 5299
938 16561 11601
939 1767 1578
940 14794 8723
941 2856 2566
942 17006 3409
943 17238 6784
944 5832 5534
945 28692 20893
946 14511 548
947 16148 284
948 18811 9497
949 5000 4782
950 13848 2518
951 13017 7930
952 26969 20831
953 10652 512
954 30862 9620
955 31938 5725
956 32344 12642
957 31502 19087
958 6076 732
959 17101 14351
960 14199 12972
961 20417 10058
962 17297 14453
963 9566 7279
964 12597 2618
965 26937 12025
966 4800 46
967 445 92
968 19480 12544
969 3359 2303
970 24895 4007
971 17557 4989
972 4904 2576
973 8131 2567
974 16073 15763
975 19574 14730
976 12913 3146
977 20117 9513
978 27996 20380
979 23637 7502
980 32133 11227
981 19115 10659
982 28603 1310
983 7687 1189
984 1527 1441
985 4927 531
986 10221 6312
987 13513 4027
988 16865 7141
989 20526 8453
990 1468 577
