9
0.19 2
49 0.05
59 0.19
0.10 3
32 0.09
24 0.01
34 0.06
0.18 4
10 0.06
16 0.06
29 0.11
90 0.05
0.22 7
71 0.14
29 0.01
63 0.06
13 0.00
41 0.08
99 0.03
69 0.36
0.43 5
43 0.01
41 0.00
1 0.00
62 0.17
84 0.14
0.78 7
39 0.08
46 0.09
56 0.01
12 0.17
17 0.08
85 0.92
31 0.09
0.25 6
30 0.07
78 0.04
56 0.08
48 0.12
57 0.02
27 0.09
0.32 16
19 0.07
20 0.04
47 0.17
19 0.12
22 0.09
42 0.12
90 0.36
18 0.73
93 0.04
52 0.17
100 0.17
27 0.31
15 0.07
5 0.05
79 0.18
37 0.11
0.65 20
67 0.00
13 0.16
70 0.05
45 0.13
84 0.07
9 0.03
60 0.00
8 0.92
87 0.02
90 0.17
89 0.05
19 0.11
72 0.63
91 0.16
52 0.70
26 0.16
27 0.03
36 0.07
25 0.05
90 0.19
