29
1 -2 -29 -36 23 -35 -4
-2 1 -50 -46 -28 -41 -39
-1 -2 -34 -45 -21 -24 31
-2 -1 -33 -16 -9 -6 37
-2 -1 -21 14 24 3 16
-2 -2 -48 -12 10 -29 -27
-1 -2 -47 -21 39 20 31
-1 1 -36 9 12 -48 14
-2 -2 -20 -21 30 -43 -10
0 0 45 22 28 -5 50
-1 0 29 11 40 16 22
-1 -2 -35 18 25 -41 37
0 0 0 2 4 2 4
0 0 0 -100000000 100000000 -100000000 100000000
2 0 -8 1 4 101 200
0 3 -9 -100000000 100000000 3 3
791 -791 1076551 -52031720 -52031711 -52030358 -52030352
1 2 -5 4 30 -100 100
63125769 40113320 -16531647 -56280824 28391667 8698147 97138240
7554218 73321470 31103534 -27761990 44636308 -70455302 43845195
24609000 47999742 46028640 -83110292 60237765 -64566874 10862683
-6 38 -642 392 411 77 98
-74 -62 -380 -194 -148 163 220
-21 70 665 371 392 80 117
-896 976 47272032 37875461 37885074 34720255 34732090
-414 92 32907664 -6358268 -6344601 -28956763 -28948494
-283 549 -3355322 2995137 3007335 1542739 1555837
791 -791 1076551 -52031720 -52031711 -52030358 -52030352
-331 993 -48990317 39501481 39507118 13216521 13222951
