1 1
1
5 2
3 7
8 10
5 2
9 11
21 18
8 6
5 2 20 1 30 10
23 15 7 9 11 3
40 50 34 24 14 4
9 10 11 12 13 14
31 4 18 8 27 17
44 32 13 19 41 19
1 2 3 4 5 6
80 37 47 18 21 9
10 10
01 05 02 06 07 02 06 03 02 04
23 15 65 12 68 75 12 36 82 62
45 32 48 98 71 12 35 85 25 32
78 95 25 63 21 57 85 47 89 63
41 25 89 63 21 45 87 98 91 37
83 84 63 51 93 64 82 71 96 38
99 87 35 19 64 28 34 65 81 36
85 42 64 25 36 34 12 36 64 18
39 45 54 16 45 18 12 31 48 25
12 13 02 06 08 09 09 04 03 01
5 1
2
3
6
7
1
1 1
2
15 9
01 02 03 04 05 06 07 08 09
02 03 04 05 06 07 08 09 10
03 04 05 06 07 08 09 10 11
04 05 06 07 08 09 10 11 12
05 06 07 08 09 10 11 12 13
06 07 08 09 10 11 12 13 14
07 08 09 10 11 12 13 14 15
08 09 10 11 12 13 14 15 16
09 10 11 12 13 14 15 16 17
10 11 12 13 14 15 16 17 18
11 12 13 14 15 16 17 18 19
12 13 14 15 16 17 18 19 20
13 14 15 16 17 18 19 20 21
14 15 16 17 18 19 20 21 22
15 16 17 18 19 20 21 22 23
3 3
3 1 1
1 2 1
1 1 1
30 10
001000 002000 003000 004000 005000 006000 007000 008000 009000 010000
002000 003000 004000 005000 006000 007000 008000 009000 010000 011000
003000 004000 005000 006000 007000 008000 009000 010000 011000 012000
004000 005000 006000 007000 008000 009000 010000 011000 012000 013000
005000 006000 007000 008000 009000 010000 011000 012000 013000 014000
006000 007000 008000 009000 010000 011000 012000 013000 014000 015000
007000 008000 009000 010000 011000 012000 013000 014000 015000 016000
008000 009000 010000 011000 012000 013000 014000 015000 016000 017000
009000 010000 011000 012000 013000 014000 015000 016000 017000 018000
010000 011000 012000 013000 888888 015000 016000 017000 018000 019000
011000 012000 013000 014000 015000 016000 017000 018000 019000 020000
012000 013000 014000 015000 016000 017000 018000 019000 020000 021000
013000 014000 015000 016000 017000 018000 019000 020000 021000 022000
014000 015000 016000 017000 018000 019000 020000 021000 022000 023000
015000 016000 017000 018000 019000 020000 021000 022000 023000 024000
016000 017000 018000 019000 020000 021000 022000 023000 024000 025000
017000 018000 019000 020000 021000 022000 023000 024000 025000 026000
018000 019000 888888 021000 022000 023000 024000 025000 026000 027000
019000 020000 021000 022000 023000 024000 025000 026000 027000 028000
020000 021000 022000 023000 024000 025000 026000 027000 028000 029000
021000 022000 023000 024000 025000 026000 027000 028000 029000 030000
022000 023000 024000 025000 026000 027000 028000 029000 030000 031000
023000 024000 025000 026000 027000 028000 029000 030000 031000 032000
024000 025000 026000 027000 028000 029000 030000 031000 032000 033000
025000 026000 027000 028000 029000 030000 031000 032000 033000 034000
026000 027000 028000 029000 030000 031000 032000 033000 034000 035000
027000 028000 029000 030000 031000 032000 033000 034000 035000 036000
028000 029000 030000 031000 032000 033000 034000 035000 036000 037000
029000 030000 031000 032000 033000 034000 035000 036000 037000 038000
030000 031000 032000 033000 034000 035000 036000 037000 038000 039000
10 2
1 1
1 2
1 3
1 4
1 5
1 6
1 7
1 8
1 9
1 10
6 1
6
8
10
4
5
4
30 10
1 2 3 4 5 6 7 8 9 10
11 12 13 14 15 16 17 18 19 20
21 22 23 24 25 26 27 28 29 30
31 32 33 34 35 36 37 38 39 40
41 42 43 44 45 46 47 48 49 50
1 2 3 4 5 6 7 8 9 10
11 12 13 14 15 16 17 18 19 20
21 22 23 24 25 26 27 28 29 30
31 32 33 34 35 36 37 38 39 40
41 42 43 44 45 46 47 48 49 50
200 201 202 203 204 205 206 207 208 209
100 101 102 103 104 105 106 107 108 109
300 301 302 303 304 305 306 307 308 309
200 201 202 203 204 205 206 207 208 209
100 101 102 103 104 105 106 107 108 109
300 301 302 303 304 305 306 307 308 309
400 401 402 403 404 405 406 407 408 409
500 501 502 503 504 505 506 507 508 509
411 412 413 414 415 416 417 418 419 420
521 522 523 524 525 526 527 528 529 530
50 60 70 80 90 50 60 70 80 90
20 30 40 50 60 70 80 90 10 99
10 9 8 7 6 5 4 3 2 1
19 29 39 49 59 69 79 89 95 9
15 35 25 45 65 55 85 75 93 5
50 60 70 80 90 50 60 70 80 90
20 30 40 50 60 70 80 90 10 99
10 9 8 7 6 5 4 3 2 1
19 29 39 49 59 69 79 89 95 9
15 35 25 45 65 55 85 75 93 5
30 10
30 31 32 33 34 35 36 37 38 39
29 30 31 32 33 34 35 36 37 38
28 29 30 31 32 33 34 35 36 37
27 28 29 30 31 32 33 34 35 36
26 27 28 29 30 31 32 33 34 35
25 26 27 28 29 30 31 32 33 34
24 25 26 27 28 29 30 31 32 33
23 24 25 26 27 28 29 30 31 32
22 23 24 25 26 27 28 29 30 31
21 22 23 24 25 26 27 28 29 30
20 21 22 23 24 25 26 27 28 29
19 20 21 22 23 24 25 26 27 28
18 19 20 21 22 23 24 25 26 27
17 18 19 20 21 22 23 24 25 26
16 17 18 19 20 21 22 23 24 25
15 16 17 18 19 20 21 22 23 24
14 15 16 17 18 19 20 21 22 23
13 14 15 16 17 18 19 20 21 22
12 13 14 15 16 17 18 19 20 21
11 12 13 14 15 16 17 18 19 20
10 11 12 13 14 15 16 17 18 19
9 10 11 12 13 14 15 16 17 18
8 9 10 11 12 13 14 15 16 17
7 8 9 10 11 12 13 14 15 16
6 7 8 9 10 11 12 13 14 15
5 6 7 8 9 10 11 12 13 14
4 5 6 7 8 9 10 11 12 13
3 4 5 6 7 8 9 10 11 12
2 3 4 5 6 7 8 9 10 11
1 2 3 4 5 6 7 8 9 10
10 2
1 1
1 2
1 3
1 4
1 5
1 6
1 7
1 8
1 9
1 10
17 4
859 397 577 913
757 501 912 171
836 991 761 899
647 446 709 426
295 211 586 775
750 619 733 153
192 999 205 89
264 552 958 328
309 705 412 596
94 569 98 520
529 849 162 453
299 3 766 227
748 539 511 820
778 562 725 523
497 200 103 880
903 737 701 423
813 788 691 857
8 3
1 10 1
8 8 8
4 6 6
7 5 7
5 2 1
1 2 1
6 2 4
5 5 3
3 3
1 5 10
1 4 18
2 6 11
5 2
41 595
291 836
350 602
483 548
537 624
30 10
1 2 3 4 5 6 7 8 9 10
11 12 13 14 15 16 17 18 19 20
21 22 23 24 25 26 27 28 29 30
31 32 33 34 35 36 37 38 39 40
41 42 43 44 45 46 47 48 49 50
1 2 3 4 5 6 7 8 9 10
11 12 13 14 15 16 17 18 19 20
21 22 23 24 25 26 27 28 29 30
31 32 33 34 35 36 37 38 39 40
41 42 43 44 45 46 47 48 49 50
200 201 202 203 204 205 206 207 208 209
100 101 102 103 104 105 106 107 108 109
300 301 302 303 304 305 306 307 308 309
200 201 202 203 204 205 206 207 208 209
100 101 102 103 104 105 106 107 108 109
300 301 302 303 304 305 306 307 308 309
400 401 402 403 404 405 406 407 408 409
500 501 502 503 504 505 506 507 508 509
411 412 413 414 415 416 417 418 419 420
521 522 523 524 525 526 527 528 529 530
50 60 70 80 90 50 60 70 80 90
20 30 40 50 60 70 80 90 10 99
10 9 8 7 6 5 4 3 2 1
19 29 39 49 59 69 79 89 95 9
15 35 25 45 65 55 85 75 93 5
50 60 70 80 90 50 60 70 80 90
20 30 40 50 60 70 80 90 10 99
10 9 8 7 6 5 4 3 2 1
19 29 39 49 59 69 79 89 95 9
15 35 25 45 65 55 85 75 93 5
2 1
1
1
25 1
1
2
3
4
5
6
7
8
9
10
11
12
13
14
15
16
17
18
19
20
21
22
23
24
24
5 3
1 2 3
2 3 4
3 4 5
4 5 6
6 7 8
3 3
1 1 1
1 2 2
1 3 3
