4
41 73 2 81
4
1 3 64
2 1 78
2 3 60
1 4 85
2 2
1 2 3 4

4
26 103 114 200
6
4 2 110
2 3 153
1 2 143
3 4 181
4 1 154
1 3 185
2 2
4 1 2 3

6
133 46 47 21 121 182
14
6 2 41
4 5 132
3 2 19
2 1 98
5 3 40
3 4 52
5 2 200
5 1 113
4 2 191
1 4 9
6 5 47
3 1 177
6 4 102
3 6 191
3 3
6 4 3 1 2 5

10
271 876 905 472 468 258 531 933 235 845
24
9 3 676
5 3 467
9 8 400
6 10 718
4 5 580
3 2 869
4 7 125
7 6 734
7 9 968
4 9 956
6 4 182
9 2 607
4 1 824
5 8 784
3 1 360
2 5 61
2 8 990
5 9 585
5 6 628
4 3 336
1 9 625
4 10 616
9 10 952
1 10 941
2 8
7 5 3 1 8 9 10 4 2 6

12
228 73 777 35 285 392 874 602 505 892 208 898
44
5 1 21
11 7 510
3 8 689
8 6 950
3 5 223
2 3 944
11 12 800
9 8 727
10 8 22
4 3 710
6 5 634
12 2 856
2 10 465
9 6 299
8 5 673
3 6 812
1 2 324
2 9 346
6 11 407
12 5 603
1 8 515
5 10 528
4 2 109
1 12 516
9 7 607
7 6 745
12 3 313
6 12 618
4 10 727
2 7 558
4 11 235
5 11 987
2 5 234
11 8 419
8 2 581
7 3 391
9 10 378
12 4 220
6 10 50
4 7 157
1 4 112
2 11 999
10 12 910
7 8 584
3 9
2 12 8 3 4 10 11 6 5 9 7 1
