64
10 10 0
5 5 15 15
1 1 0
5 5 15 15
10 10 1
9 11 11 13
10 5 5
5 11 15 20
10 10 5
16 12 19 15
10 10 5
2 0 4 9
10 10 5
9 1 13 4
10 10 3
5 5 15 15
10 10 1
5 5 15 15
10 10 3
7 7 13 13
10 10 3
7 7 13 20
10 10 3
7 4 20 13
15 15 10
5 24 26 26
15 15 10
7 24 24 26
15 15 15
0 0 30 1
10 10 5
4 11 17 16
10 10 5
4 4 9 20
10 10 5
11 3 20 20
10 10 5
2 2 16 9
10 10 5
7 3 18 18
10 10 5
4 9 20 13
10 10 5
3 7 20 8
10 10 5
3 13 20 14
10 10 5
8 3 10 20
10 10 5
6 3 9 17
10 10 5
13 5 15 20
10 10 5
3 6 14 14
10 10 5
6 6 14 20
10 10 5
6 6 14 14
10 10 5
10 15 15 16
5 5 5
8 9 12 12
5 5 5
2 1 15 15
10 10 5
2 7 13 18
10 10 5
8 0 18 7
10 10 5
12 4 16 8
10 10 5
12 12 16 16
10 10 5
4 12 8 16
10 10 5
4 4 8 8
10 10 10
14 19 15 20
10 10 5
9 10 15 18
15 15 10
5 15 7 24
10 10 5
2 5 19 15
10 10 5
5 6 15 20
10 10 5
7 3 13 12
10 10 5
2 7 12 13
10 10 5
7 8 13 20
10 10 5
8 7 16 13
10 10 5
8 3 12 9
10 10 5
11 11 17 12
10 10 5
2 7 12 8
15 15 5
10 10 20 15
10 10 5
5 10 10 15
10 10 5
10 5 14 8
10 10 5
6 9 11 14
10 10 5
11 6 14 9
15 15 5
15 15 19 19
5 5 5
1 1 2 2
5 5 5
1 8 8 9
5 5 5
8 1 9 2
5 5 5
2 2 9 9
10 10 5
8 8 12 12
5 5 5
1 2 5 5
10 10 3
9 5 10 13
9 6 5
13 3 14 9
