7
4
0 0
0 999999999
999999999 0
1000000000 999999999
4
100 100
110 110
110 110
120 120
8
0 0
100 0
200 0
210 0
210 0
210 0
500 0
250 300
4
25 882
512 -762
-572 -942
647 -65
10
91 973
-980 -668
-509 993
295 -144
-524 397
-925 278
-720 584
-34 358
-815 922
-655 -83
4
-126006026 -879795176
-47582593 -8952
3275 -272575414
-458441662 5158
14
-285 157597519
980485785 763819290
-496900235 -476020953
-900802943 283817053
-375048494 -663706092
-664553421 9601
-9224 -923287608
137739042 -429347330
729407623 -105
134941774 -498256533
-546543123 -761186661
-136235155 -152798162
1159 -8360
-938193474 223721588
