18
4
5 4
6 4
1 2
1 3
8
1 2
2 3
3 4
3 5
6 7
7 8
7 9
7 10
1
100 200
3
1 10
10 20
5 40
1
5 40
4
1 2
2 3
3 4
1 4
4
30 35
30 40
10 20
5 40
10
171 113
48 146
37 166
176 113
182 42
48 42
153 131
133 167
127 86
27 64
8
39 61
26 19
2 75
65 19
51 84
26 41
83 37
36 66
7
12 11
15 9
5 14
10 8
5 8
15 6
12 6
10
1 11
1 12
1 13
1 14
1 15
21 31
21 32
21 33
21 34
21 35
5
1 4
1 5
6 2
3 6
2 5
6
11 7
3 10
3 6
2 6
10 2
11 4
9
11 8
2 8
7 4
8 3
8 9
3 4
2 4
4 6
5 4
14
5 4
1 6
12 9
4 10
5 2
1 10
8 6
12 8
10 2
8 10
8 3
2 12
5 9
10 9
10
11 3
1 12
10 9
10 8
3 9
5 6
7 8
6 12
10 6
4 5
9
7 12
3 9
11 4
1 11
8 11
5 8
9 5
9 11
7 6
14
2 3
9 2
12 6
1 11
9 6
1 10
12 2
8 11
1 9
9 8
2 7
8 3
2 11
6 4
