20
-86 -20 87 108 -83 42 -124 -94 60 112 -32
-32 -51 125 -111 109 63 85 110 -46 -121
-58 -50 26 -90 15 -46 -26 -44 -122 -35
-76 109 -64 -43 -105 40 -93 78 77 16
-31 85 116 -49 -53 -31 -66 76 111 -80
-23 -105 -10 20 -18 -74 -76 117 -114 -51
103 -122 -70 -94 -111 -12 -110 12 81 34
-37 -47 -28 18 -77 89 119 41 106 122
1 -13 -63 14 -17 -6 109 34 -84 -13
-73 19 -24 55 -9 -74 -85 107 94 116
-122 -78 -49 -118 113 80 -116 -74 74 49
58 22 75 23 92 -125 -109 125 65 -111
-97 109 -106 43 -95 68 -108 79 -60 -62
3 -16 -78 69 -12 125 -26 30 -10 30
-80 86 56 28 112 -48 -59 124 101 -80
84 94 -102 -34 -29 8 79 20 -2 -57
112 -43 10 1 -19 -72 89 -95 -2 -36
109 67 -72 -121 -76 -64 122 -94 -123 -6
17 -74 87 26 16 -112 91 -105 85 31
-24 41 -84 85 -1 -97 115 -9 -48 -98
94 -62 -16 73 22 72 64 -24 86 -23
-84 107 97 72 -65 8 -42 -94 -64 51
-70 117 -59 -74 83 71 116 53 34 -119
109 82 16 87 0 -55 35 51 -75 46
82 -42 -50 -74 -56 53 66 -96 -91 10
-43 -80 38 56 79 -30 -86 -122 1 -93
125 2 14 79 -4 -5 -91 -51 -38 115
44 -30 37 103 -125 -77 88 -34 -33 -116
26 14 -28 83 -24 30 3 85 -42 -69
-66 -70 -85 15 -50 -38 -13 94 -23 -41
92 -54 5 -122 -27 -8 102 -81 -50 -72
83 -84 56 -53 56 87 114 -15 -93 -18
-30 104 72 66 118 110 -111 109 -87 -119
90 88 107 -118 99 79 -111 49 -104 106
3 -52 36 20 -29 -80 -92 106 89 -111
51 59 60 99 -63 119 -50 117 -6 53
-77 81 -116 -68 112 -100 47 41 7 17
58 28 122 54 26 12 100 1 121 45
88 -19 124 -125 -72 85 -48 7 -58 -118
-8 20 -113 -24 -107 -35 120 -4 -110 

4
-1 -2 -3 -4
-5 -6 -7 -8
-9 -10 -11 -12
-13 -14 -15 -16
5
1 -61 5126 612 6
41 6 7 2 -7 1
73 -62 678 1 7
-616136 61 -83 724 -151
6247 872 2517 8135
4
0 -2 -7 0 
9 2 -6 2
-4 1 -4  1
-1 8  0 -2
