3

2
2 1 3 4 5 6 7 8 9 10 11 12 13 14 15 16 17 18 19 20 21 22 23 24 25 26
27 28 29 30 31 32 33 34 35 36 37 38 39 40 41 42 43 44 45 46 47 48 49 50 52 51
52 2 3 4 5 6 7 8 9 10 11 12 13 14 15 16 17 18 19 20 21 22 23 24 25 26
27 28 29 30 31 32 33 34 35 36 37 38 39 40 41 42 43 44 45 46 47 48 49 50 51 1
2
2

5
2 49 3 34 10 23 12 45 6 7 46 31 15 18 52 37 27 14 19 39 22 5 51 30 29 11
42 38 44 9 13 40 21 32 41 16 36 47 4 43 35 24 20 26 1 8 48 25 50 17 28 33
43 6 7 45 30 33 5 16 22 21 15 36 26 29 11 25 20 42 52 47 38 41 18 3 40 2
28 39 8 49 32 10 50 51 17 37 19 27 31 48 35 23 4 1 34 12 44 24 46 14 9 13
2 11 48 5 24 19 43 12 23 27 49 33 52 13 29 35 18 45 6 34 28 9 10 17 26 50
36 41 22 51 25 7 8 37 47 21 15 38 1 30 16 40 32 4 31 46 14 20 3 42 39 44
20 25 47 12 6 52 11 10 5 50 45 49 39 30 31 2 22 24 18 43 13 17 48 42 16 19
41 28 15 9 21 23 27 35 1 46 44 36 51 26 40 14 37 32 29 4 8 7 33 34 38 3
3 49 36 16 52 28 19 8 9 22 37 32 25 30 11 2 31 15 4 47 51 6 21 38 24 42
5 33 50 14 41 29 26 12 13 27 35 48 7 1 46 10 20 39 18 40 44 23 45 34 17 43
4
4
2
5
3
4

2
9 2 32 40 29 22 38 47 10 16 24 33 43 31 11 23 1 37 12 30 36 50 25 6 19 14
27 48 46 52 17 35 4 5 42 26 18 8 51 21 15 39 13 45 41 3 49 20 44 7 28 34
17 24 21 45 3 42 10 9 50 35 4 43 52 49 6 32 19 13 28 29 22 27 48 37 39 31
8 40 26 30 5 2 12 34 38 15 44 47 16 36 1 46 7 25 51 41 23 18 11 14 20 33
1
1
2
