5

2 4
17 0 3 9
12 18 9 5
16 11 0 16
15 12 10 12

2 4
16 4 14 20
17 18 10 3
3 15 19 11
6 5 6 15

4 4
15 5 12 19
20 11 13 16
18 14 15 14
1 8 4 0
15 18 8 12
8 19 6 20
6 9 20 11
9 10 1 3

4 4
20 11 0 10
6 16 3 19
9 5 5 14
5 20 11 13
11 17 11 15
15 16 4 14
4 11 2 3
15 16 13 14

10 8
14 40 90 51 80 3 94 22
20 12 19 81 22 11 60 31
67 44 32 51 1 38 93 10
67 86 23 69 68 81 68 83
87 23 33 33 93 26 55 79
5 40 60 27 52 19 58 18
29 56 35 31 94 94 7 26
80 97 96 13 78 29 96 30
18 29 63 77 21 17 55 26
24 14 19 76 33 43 60 29
100 95 26 59 88 33 52 33
29 13 47 73 8 8 3 26
37 66 69 25 50 23 17 74
4 3 15 3 46 75 32 11
35 58 71 89 57 89 89 87
1 35 25 9 43 95 35 47
61 70 38 77 93 21 50 97
24 65 67 71 5 99 48 6
57 85 95 80 73 83 66 74
84 58 83 27 52 84 40 79
