10 10
3 9 380 28471 29141 12245 0 5957 57 8535
5 9582 224 8649 2763 7 63 42 4462 0
11616 0 4647 4099 5 11 30991 0 32585 1
7 0 16 0 363 0 0 10947 1 31210
0 13 48 5997 8734 325 424 0 5949 18088
146 0 7 664 9175 22785 2055 4433 5783 586
214 31 363 8852 89 0 1748 9217 14348 21473
177 19922 0 2 973 73 27593 15329 71 7
0 2311 16 481 476 646 5081 80 66 36
234 22716 161 1 467 2594 8256 0 18567 0
10
c 7 4 2671
q 8 1 10 3
q 1 3 3 4
c 9 10 6454
c 10 6 1118
c 2 3 5946
c 8 9 3405
q 2 2 10 8
q 1 1 495 493
q 3 5 10 10
