4
10 2
1 100 2 1 2
2 80 2 2 1
1 90 1 1
2 40 1 2
1 30 0
2 50 1 1
1 60 1 2
2 80 1 1
1 90 1 1
2 30 1 2
1 3
2 4
20 4
1 1 0 
2 14 1 1 
1 28 4 2 1 3 4 
2 27 3 4 1 2 
2 38 4 4 2 3 1
2 16 0 
2 18 2 2 4
1 11 0 
2 6 2 3 1 
1 31 1 2 
2 15 2 2 1 
1 32 1 2 
1 9 2 2 4 
1 2 0 
1 7 0 
2 35 4 2 3 1 4 
2 22 2 4 2 
1 8 1 3 
1 5 3 4 1 3
2 29 2 1 2 
2 15
2 11
2 16
2 13
110 25
3 2 0
2 7 9 14 5 18 24 7 12 3 15 2
6 36 21 20 21 24 6 11 12 16 17 15 14 19 3 4 13 9 22 7 5 18 1 10 
5 82 15 7 5 21 8 9 11 2 13 25 1 6 19 23 12 14 
4 28 11 15 7 3 18 17 23 22 2 14 13 16 
2 169 6 6 9 15 4 16 1 
7 208 5 16 18 19 14 15 
7 73 22 16 24 25 19 13 8 18 5 14 10 20 17 4 9 23 11 15 1 12 6 21 2 
1 211 15 22 19 17 24 13 8 18 9 25 7 11 23 4 16 3 
2 215 6 3 14 22 23 7 16 
1 196 17 13 21 22 19 16 14 25 2 10 3 18 9 7 1 11 6 12 
4 32 5 1 12 5 3 11 
1 13 9 17 15 2 3 5 6 7 9 1
7 164 4 1 6 22 23 
7 159 20 16 8 25 15 17 6 2 5 14 22 3 10 24 13 11 9 7 4 20 12 
7 31 16 17 23 25 10 12 6 1 18 14 24 5 15 19 2 9 21 
5 72 10 22 13 8 20 23 18 3 15 11 21 
8 87 13 18 16 1 17 10 21 15 2 24 20 3 23 5 
4 17 17 7 13 4 14 1 8 6 19 21 16 3 25 15 9 11 24 22 
6 76 22 9 1 10 21 3 11 24 22 25 14 19 18 12 8 13 15 4 17 7 2 23 5
3 155 5 22 5 14 16 13 
4 53 6 22 7 20 13 18 12 
6 55 3 13 22 7 
2 68 2 23 25 
8 181 25 10 12 19 11 3 24 23 5 9 2 16 4 18 8 15 25 7 20 17 14 21 22 13 1 6 
7 75 11 6 25 22 24 3 23 5 21 4 14 20 
1 146 7 16 23 7 15 13 19 21 
1 197 11 18 10 17 13 21 4 12 8 5 11 23 
2 157 6 7 2 8 12 11 5 
4 29 25 1 15 6 17 5 7 13 25 19 10 8 20 2 22 12 24 23 18 3 21 9 16 11 14 4 
8 69 6 14 10 5 4 18 8 
6 44 3 20 21 4
2 165 10 8 14 16 13 21 5 24 2 4 19 
3 38 10 9 2 20 12 5 21 19 15 11 17 
7 11 7 24 13 14 16 15 22 4 
6 39 25 3 9 4 14 7 16 23 25 11 6 5 13 24 17 8 22 18 21 19 1 20 12 10 15 2 
1 88 1 4 
5 85 12 21 10 14 24 22 11 25 3 4 15 19 1 
3 149 19 20 5 11 12 6 4 2 23 8 9 16 21 7 15 18 22 19 17 13
8 117 13 2 7 6 19 25 16 23 5 21 11 1 12 15
5 191 4 3 19 9 22 
2 59 2 4 5 
1 162 16 1 11 15 2 10 24 4 12 19 14 6 20 3 8 21 16 
3 6 13 5 14 19 1 17 23 3 10 11 2 16 25 21 
7 142 11 2 16 13 22 24 18 23 1 11 3 21 
6 187 19 13 2 4 3 14 1 6 20 21 18 23 12 19 11 25 22 17 9 16 
5 183 1 21 
1 185 20 23 4 17 6 10 20 18 9 3 19 7 2 12 11 25 22 21 13 16 15 
2 136 3 2 24 7 
7 212 10 11 10 1 19 8 2 20 3 13 22 
2 57 0
3 138 12 18 23 21 19 3 24 4 15 13 8 22 5 
7 147 14 13 7 3 19 14 21 6 8 10 11 4 9 18 22 
1 151 25 6 5 1 12 15 3 13 23 20 7 10 9 25 16 17 19 8 21 22 14 24 11 2 4 18 
6 174 14 11 3 15 7 8 19 22 9 20 23 2 14 25 1 
1 213 14 11 14 8 6 4 25 15 2 7 19 20 12 18 13 
4 52 12 17 14 10 2 13 1 7 18 11 4 25 22 
8 35 23 3 1 4 21 10 11 15 13 14 18 8 2 6 23 9 12 22 16 17 20 19 5 24
8 193 0 
2 101 19 12 15 20 4 7 16 5 23 9 19 10 22 2 24 25 11 6 8 14
8 153 18 13 4 24 7 8 2 6 21 3 25 19 15 12 5 20 1 22 9 
5 154 3 2 7 23 
6 163 8 5 6 1 11 14 21 23 2 
6 218 5 11 15 24 8 17 
2 51 25 22 17 25 23 3 20 11 5 6 16 14 2 1 12 13 21 24 9 7 4 19 10 8 15 18 
2 168 8 12 9 13 15 4 21 20 11 
6 37 25 8 7 6 20 9 14 12 10 17 3 19 2 23 1 18 22 11 5 15 4 24 16 13 21 25 
4 219 9 5 13 3 23 22 16 24 7 12 
2 89 23 8 3 21 18 12 6 25 11 24 15 23 14 5 9 19 7 10 2 22 13 20 16 1 
7 188 19 14 6 1 5 4 11 24 13 8 10 9 15 23 12 20 2 19 21 25
2 184 5 13 9 19 21 15 
1 1 16 11 10 16 5 7 24 14 8 22 2 21 4 19 23 6 9 
4 114 1 9 
7 217 19 21 3 23 11 17 14 25 6 18 2 12 19 7 8 24 1 9 15 4 
1 94 11 2 17 5 7 8 9 21 10 23 1 18 
2 62 13 2 25 5 20 17 7 24 12 14 18 16 13 10 
6 103 18 20 14 10 22 4 19 21 6 12 16 17 5 25 9 13 1 8 7
8 67 24 14 20 3 12 10 22 8 25 11 16 5 17 1 7 21 24 23 18 19 6 4 13 15 2 
6 145 2 2 22 
4 18 7 1 9 12 6 21 23 16
7 22 14 24 19 22 11 8 23 10 12 6 16 17 14 3 1 
4 186 1 24 
8 194 22 16 5 20 1 22 2 23 21 13 17 18 4 8 19 10 6 15 7 12 9 14 11 
4 115 8 16 25 11 24 13 3 2 1 
2 61 12 14 15 22 11 12 8 5 20 3 2 19 7 
5 46 11 1 19 7 16 17 20 24 18 9 23 12 
7 125 24 6 1 13 19 17 16 11 25 20 21 23 18 24 5 8 3 4 22 9 7 14 15 10 2 
1 172 2 17 13 
3 113 23 19 13 4 16 24 10 7 9 3 2 14 23 15 5 8 25 22 21 18 20 6 17 1
4 161 11 15 6 1 23 5 3 17 8 12 24 16 
8 34 8 25 9 2 3 1 22 7 11 
1 5 10 12 19 14 23 20 17 13 5 24 2 
8 209 1 13 
6 129 10 17 21 20 9 19 24 1 3 7 5 
4 108 12 23 12 15 17 19 8 21 22 7 6 20 3 
1 152 19 9 21 8 11 25 10 15 18 1 20 17 4 23 12 16 19 13 14 22
2 41 18 20 16 2 7 24 1 5 22 18 4 11 6 13 9 21 12 15 3 
6 102 16 3 22 11 19 13 25 12 24 6 15 18 20 2 16 14 10 
1 123 1 4 
7 107 23 6 5 19 11 21 16 20 9 23 18 10 25 8 13 12 15 24 22 17 1 3 14 2
7 25 19 10 9 19 22 2 3 18 20 1 12 15 25 14 21 23 11 17 5 24 
5 175 23 6 22 20 16 21 1 5 15 12 10 7 8 9 18 2 19 13 25 3 24 14 17 4 
8 79 25 1 16 7 19 6 3 8 21 22 4 17 15 13 11 9 14 18 25 12 2 10 23 20 24 5 
2 178 2 10 2 
6 127 16 14 1 9 3 11 22 23 2 19 4 16 8 18 13 12 5 
5 84 2 1 4 
4 128 18 20 6 21 13 4 16 15 24 22 18 11 3 2 19 12 14 25 23 
3 173 18 19 25 6 22 23 17 8 16 5 10 20 14 1 7 24 13 18 2
8 118 21 4 23 9 8 20 3 19 16 25 6 18 14 21 7 1 10 24 13 11 17 22 
3 131 12 14 1 3 23 22 19 11 12 25 6 17 24 
6 10
2 9
2 9
6 10
6 5
8 5
8 14
2 5
8 13
2 12
4 14
3 2
3 3
7 3
3 8
8 3
8 5
2 6
1 3
4 12
7 12
3 9
5 14
6 6
6 9
150 50
4 3 0
3 9 18 27 10 36 48 14 23 6 35 29 3 9 41 39 42 11 22 47 31
6 198 30 37 6 21 7 34 24 25 29 18 44 14 9 22 35 27 33 32 1 40 20 19 30 31 41 15 17 13 3 50 4
10 22 12 18 21 10 11 13 38 45 46 37 24 27 2
5 39 23 30 13 6 36 33 45 44 3 28 26 32 39 11 12 17 29 7 31 2 48 41 37 9 
9 99 44 31 48 50 37 26 15 36 32 25 9 28 20 39 33 7 8 17 46 34 22 29 19 1 23 12 30 40 42 18 47 35 16 45 4 5 43 38 49 13 21 14 6 11 27 
3 263 46 31 45 33 5 26 42 43 37 28 49 50 4 19 35 17 6 13 2 1 22 12 23 8 11 21 24 10 48 3 20 34 29 9 14 18 38 44 46 40 15 30 16 27 47 25 7 
8 176 13 28 24 8 32 44 33 46 49 20 23 12 2 11 
6 207 33 48 50 10 2 30 38 28 3 17 45 42 20 43 26 15 40 46 44 35 6 21 32 33 36 19 41 29 4 31 5 9 13 7 
3 156 0 
8 92 11 8 16 41 31 6 49 29 18 21 47 2 
4 151 43 44 33 18 2 20 41 6 22 47 43 50 27 38 36 5 23 15 26 30 7 19 34 13 29 17 4 49 25 45 10 11 9 28 32 14 40 35 8 16 46 24 31 48 
7 215 15 9 29 32 45 20 50 13 31 10 40 23 48 19 37 47 
4 82 32 21 27 42 32 15 24 7 37 44 30 3 17 22 47 31 18 25 1 10 2 35 13 40 4 14 48 38 45 11 12 50 5 
10 281 11 9 11 41 50 7 28 39 34 14 1 31 
3 269 31 32 30 26 37 41 2 45 23 6 36 20 34 25 8 15 42 9 19 21 24 46 12 13 4 7 49 11 33 10 50 16 
1 231 2 38 40 
5 261 44 10 14 34 30 48 46 4 35 13 5 49 44 26 20 41 39 15 18 2 50 16 24 1 32 40 21 25 17 45 33 6 27 38 42 11 28 29 31 19 7 8 36 9 47 
9 146 3 7 4 37 
3 52 19 17 4 40 24 9 41 37 30 18 3 22 33 15 38 47 26 27 31 44 
10 41 9 36 5 18 8 27 13 32 17 45 
9 299 21 11 10 17 25 47 31 33 14 34 32 48 21 49 12 45 26 16 13 9 44 18 
10 211 25 45 41 26 48 46 17 27 16 38 49 13 25 2 36 43 40 6 23 9 32 28 5 31 15 14 
8 31 47 37 12 19 21 36 15 31 17 9 47 23 50 34 13 49 35 38 45 48 29 10 14 32 5 28 8 43 1 25 3 4 20 24 42 27 44 22 2 39 40 41 7 11 46 33 26 6 
4 226 4 44 14 5 10 
8 36 9 33 5 1 22 30 4 20 48 7 
6 143 38 22 11 7 40 27 6 15 29 12 1 41 32 2 26 16 9 37 33 45 19 10 21 3 50 23 31 25 44 48 36 43 38 8 42 46 39 24 34 
7 255 17 38 42 3 29 44 43 41 1 45 8 34 11 7 20 39 35 18 
7 32 38 8 13 36 3 23 21 34 11 18 22 24 49 43 41 45 37 5 26 12 31 32 14 33 29 6 4 48 19 2 15 39 44 1 35 46 7 38 16 
7 95 9 28 42 26 13 6 38 27 25 41 
4 63 16 21 26 8 18 15 35 43 45 50 5 12 10 2 23 29 40 
4 75 19 49 26 12 1 25 32 40 33 38 16 11 14 41 20 9 13 17 43 5 
7 161 34 47 10 49 29 15 14 44 23 31 38 48 22 41 33 43 46 16 13 40 34 4 18 8 17 6 35 36 21 37 3 30 28 2 27 
2 85 10 50 30 3 14 38 40 24 36 35 37 
5 145 12 25 33 28 20 4 26 2 13 36 3 22 14 
10 45 19 43 9 46 6 1 7 42 20 2 22 5 21 30 26 8 28 36 16 3 
3 119 36 4 45 17 16 24 1 7 43 8 23 31 32 34 40 2 36 37 27 35 10 44 33 5 48 3 46 9 29 30 14 18 20 38 39 13 47 
3 23 39 44 47 49 45 31 22 18 43 48 21 12 7 15 40 13 28 35 36 26 8 3 42 6 50 37 4 29 24 10 1 9 30 46 38 17 34 11 2 27 
3 163 42 45 4 7 50 12 34 22 29 48 30 16 49 9 43 33 6 40 21 10 31 28 3 44 2 24 25 5 41 17 27 13 26 8 18 37 19 47 11 46 15 14 36 
3 229 16 24 17 18 25 29 7 23 42 40 22 9 50 37 15 14 11 
6 97 39 24 12 20 39 34 6 37 4 19 28 17 46 5 14 2 36 18 44 22 27 21 9 30 8 16 43 15 40 29 35 13 47 1 31 33 25 23 41 49 
10 217 11 19 25 9 26 5 46 43 31 47 14 23 
2 122 46 16 5 42 36 24 11 50 22 48 30 46 28 10 17 37 41 13 35 18 20 3 43 21 9 38 26 40 32 23 19 2 12 7 1 25 39 49 47 27 14 45 34 4 15 29 6 
5 42 21 4 33 9 14 10 16 17 41 20 46 2 35 15 27 7 3 49 40 34 48 24 
8 236 36 10 32 3 25 48 20 24 37 33 39 27 19 44 8 42 40 12 23 28 9 49 34 18 26 2 16 14 47 45 6 5 15 50 21 31 43 
4 167 0 
10 249 47 46 47 20 35 15 27 36 38 41 43 14 6 23 22 32 19 48 44 37 16 12 8 40 21 25 7 5 33 29 50 24 1 31 13 3 34 2 17 39 45 11 4 10 9 42 18 30 
6 1 39 43 33 28 46 23 39 30 42 14 20 15 22 27 16 25 32 50 47 6 21 3 2 10 29 44 24 40 4 37 11 26 1 38 48 35 18 36 12 34 
5 191 38 50 39 42 46 35 48 9 1 16 10 22 15 2 5 6 8 43 34 47 25 36 38 18 31 13 12 49 27 11 29 44 45 20 32 4 40 33 26 
8 272 13 26 25 7 31 47 20 13 17 18 5 4 28 45 
10 219 18 47 46 30 17 9 6 7 15 27 50 43 25 42 44 8 36 40 39 
7 91 11 18 1 17 13 20 37 22 29 12 2 46 
9 59 4 33 12 15 24 
9 285 30 8 17 50 49 4 6 2 18 43 14 22 21 24 37 27 45 39 28 34 26 9 10 48 13 47 25 11 44 30 33 
4 242 39 38 48 18 40 2 6 13 10 25 24 46 23 29 34 37 16 42 44 11 41 45 39 35 5 17 21 49 20 1 8 32 19 26 22 28 36 4 14 47 
2 188 1 43 
3 131 20 47 26 44 17 40 42 12 13 24 39 29 30 6 33 34 5 43 21 38 25 
5 35 49 47 12 30 36 5 39 4 40 29 31 27 20 8 3 6 7 48 18 32 25 38 10 37 22 41 45 42 49 16 26 11 23 50 44 35 33 24 2 19 1 43 17 28 34 9 46 14 13 15 
3 205 37 37 28 49 23 4 3 35 20 24 31 45 18 41 26 25 1 19 50 27 2 39 13 32 48 47 12 42 21 38 8 34 40 16 9 5 10 30 
6 194 35 2 17 5 22 44 6 45 27 3 37 8 38 1 31 18 46 15 35 25 43 23 10 9 20 4 30 7 21 40 11 39 41 12 48 32 
5 127 7 6 31 4 47 38 40 24 
1 15 27 38 29 27 5 39 50 12 3 46 40 36 14 44 33 43 15 37 32 9 19 2 13 48 34 25 31 35 
9 21 27 47 7 45 17 15 40 6 38 18 46 32 31 50 12 35 16 28 41 13 39 27 49 1 20 25 21 33 
5 252 30 17 28 1 5 27 46 43 37 22 44 23 50 12 34 48 32 26 10 29 13 31 14 33 49 47 39 9 24 16 8 
8 81 5 25 19 6 49 11 
3 289 15 7 2 39 24 40 42 29 14 46 31 17 38 28 34 30 
2 178 16 37 14 38 21 47 44 28 35 22 43 30 13 42 49 15 39 
1 106 2 42 16 
5 169 3 34 18 11 
10 54 2 26 33 
7 25 26 10 30 28 3 41 33 31 23 1 21 40 2 17 15 45 9 38 13 14 25 7 32 42 36 24 5 
4 33 25 36 31 33 27 30 9 18 10 22 28 23 1 49 6 5 43 39 12 24 11 48 16 37 3 19 
6 181 35 49 45 10 26 35 22 46 50 14 39 4 7 19 5 30 27 29 11 33 16 36 13 20 17 3 47 24 6 31 9 25 40 41 42 12 
9 115 22 38 22 19 33 17 45 46 4 32 41 20 29 9 44 21 27 31 49 35 24 16 10 
4 94 49 21 31 17 14 5 38 3 43 47 34 22 24 50 10 25 11 27 8 33 48 23 28 16 12 41 29 35 49 36 40 42 46 6 32 37 15 26 1 9 39 7 4 19 44 30 2 18 13 45 
2 114 16 14 24 7 44 37 20 47 27 34 9 28 3 1 43 41 25 
9 241 50 9 35 48 33 40 5 23 26 8 21 32 6 39 13 47 16 4 17 20 18 34 3 30 42 31 46 36 19 37 44 10 38 29 41 43 2 22 28 14 45 12 7 50 27 24 11 1 15 49 25 
3 137 0 
1 212 3 19 10 14 
7 93 3 37 23 12 
3 13 43 15 46 49 19 8 41 5 1 22 21 17 29 13 47 31 3 33 18 37 14 16 36 40 39 35 34 42 48 45 38 28 26 6 24 2 32 11 9 23 25 50 7 43 
6 121 33 22 6 23 42 37 29 47 38 19 20 39 44 49 33 1 24 14 5 8 43 10 31 32 25 35 9 36 15 11 48 27 18 16 
4 138 29 7 15 45 29 17 48 38 40 16 37 44 1 47 35 5 23 32 8 19 28 30 39 42 12 2 25 20 14 18 
7 186 20 42 32 15 40 23 11 8 16 3 44 47 41 4 26 27 36 39 9 30 6 
7 201 41 5 23 50 18 40 38 45 13 14 16 33 25 7 28 26 44 19 47 24 49 17 8 21 43 39 4 9 1 20 10 35 36 42 37 12 27 22 29 30 3 11 
5 216 4 36 49 5 2 
1 62 45 1 35 21 10 8 4 18 39 37 14 32 27 16 42 13 38 2 5 41 34 9 23 46 30 15 6 28 12 29 45 3 17 31 33 48 26 49 44 24 20 43 11 25 50 36 
4 295 35 15 30 46 43 21 37 27 32 18 31 4 8 47 5 16 29 50 45 14 33 44 7 42 49 3 11 12 10 36 38 34 40 20 24 22 
7 199 13 13 3 5 44 11 20 32 4 50 34 30 21 48 
8 279 45 44 12 33 41 30 2 9 50 6 42 28 14 3 34 37 46 49 8 27 16 36 29 19 47 10 31 23 15 11 7 45 5 48 4 21 39 26 20 32 22 13 40 38 24 17 
6 103 33 17 43 16 48 39 7 10 27 36 4 28 47 31 14 40 42 20 29 15 25 12 24 30 2 35 1 26 8 46 45 3 50 11 
9 64 24 40 5 24 1 8 50 21 2 44 28 47 7 4 11 14 22 20 31 23 41 9 26 16 34 
3 4 19 7 44 25 46 37 1 8 41 23 49 6 15 29 33 4 35 40 24 45 
2 128 41 24 4 7 31 49 21 19 20 40 35 11 3 30 16 44 28 18 32 1 8 41 10 15 48 14 27 37 34 26 13 29 22 42 25 9 50 36 12 23 17 46 
7 246 1 43 
6 141 0 
4 209 38 23 45 3 49 32 2 4 35 47 1 17 39 12 36 10 24 30 16 5 40 26 20 14 28 27 41 18 50 38 6 15 25 13 34 31 48 19 9 
5 133 47 27 38 29 40 36 43 26 5 48 32 35 12 49 13 33 7 25 14 42 2 9 20 24 44 28 34 23 31 15 17 46 37 39 8 3 21 6 1 41 18 10 50 30 22 19 47 11 
6 239 24 26 19 8 36 18 13 30 7 28 25 14 15 45 35 3 16 32 48 40 1 47 17 44 9 
3 153 10 22 23 3 37 2 31 38 12 34 26 
2 173 22 35 45 23 49 12 16 5 46 8 33 18 48 41 20 28 25 21 24 1 17 32 7 
3 124 21 29 19 20 2 27 44 24 7 26 22 46 10 50 23 4 16 39 30 9 14 34 
10 227 12 41 29 13 46 43 27 9 40 47 17 11 4 
5 111 18 46 35 29 36 41 42 44 23 17 28 37 25 13 38 39 21 11 33 
6 276 35 5 12 48 35 22 33 49 9 11 2 26 29 18 21 23 37 47 6 28 39 40 1 44 50 7 25 17 8 45 46 31 4 30 10 27 
9 2 13 2 25 35 18 22 5 36 32 28 40 23 30 21 
7 202 47 49 8 15 36 3 39 29 9 40 48 10 23 20 43 35 31 33 21 11 17 42 1 22 7 41 25 46 37 47 16 45 27 12 44 14 50 30 2 19 32 18 24 13 34 28 26 5 
3 206 33 16 14 43 7 13 20 5 48 10 4 19 23 29 50 2 8 31 1 30 44 15 3 18 42 11 17 28 41 49 24 6 37 35 
8 56 46 45 49 21 9 20 35 32 48 46 40 1 17 11 4 24 31 3 44 38 25 43 28 5 6 37 19 10 8 47 33 18 14 30 39 2 15 7 42 26 12 36 29 34 23 50 22 
3 132 37 29 47 17 18 6 15 1 34 27 33 5 37 3 8 48 36 46 10 26 7 21 32 40 44 22 35 28 42 14 31 4 39 45 2 43 25 9 
10 126 35 4 10 44 32 5 50 40 3 34 39 17 45 47 7 16 15 1 8 48 36 26 35 12 46 20 42 43 18 6 14 25 13 31 24 28 
2 14 34 36 26 18 27 9 10 28 3 34 6 46 12 8 45 1 32 29 20 39 42 30 31 13 17 15 48 35 44 24 14 16 40 11 43 
10 149 30 45 2 15 24 19 7 46 17 22 41 1 35 4 43 50 40 28 27 25 10 33 34 29 36 39 30 14 26 48 18 
4 148 26 43 25 11 26 38 49 35 42 40 17 23 16 20 10 37 32 18 21 19 22 27 29 12 4 33 1 
4 88 2 50 18 
3 53 13 42 25 45 10 27 6 3 15 28 8 30 38 16 
10 18 45 8 32 31 16 30 28 24 10 4 13 9 19 22 49 21 40 1 33 44 17 34 47 25 15 37 45 39 36 46 29 12 14 26 35 27 23 7 48 43 3 50 5 42 38 41 
1 171 24 43 6 34 14 32 36 25 11 20 22 42 39 21 3 10 1 29 26 24 46 7 4 28 23 
4 291 46 23 42 40 5 6 10 47 45 4 41 22 19 12 9 17 20 16 24 50 36 18 48 35 32 29 39 15 2 49 34 31 37 14 1 25 21 8 43 44 11 33 38 46 3 27 30 
5 57 8 41 25 34 42 38 6 14 49 
4 105 9 47 49 42 25 32 7 38 26 28 
9 142 39 21 34 39 26 31 4 23 18 2 33 46 22 11 3 27 5 45 43 29 30 25 15 44 28 8 19 36 35 42 12 14 20 1 32 50 41 10 47 7 
2 288 4 36 3 1 41 
9 6 24 50 24 5 30 41 44 31 10 46 42 7 39 20 26 34 6 17 43 32 16 8 9 38 13 
1 26 48 23 3 49 28 8 17 41 42 12 7 13 19 34 30 44 47 9 15 50 26 37 45 38 6 1 39 31 20 35 22 36 11 24 32 18 46 5 4 27 29 14 40 21 2 25 10 33 48 
4 84 5 18 22 23 45 5 
7 162 43 49 37 9 8 3 26 31 4 39 27 47 34 12 6 19 41 28 15 29 44 35 32 24 5 25 13 33 40 43 42 30 38 20 7 11 17 14 45 16 23 36 1 21 
2 222 18 6 13 45 33 20 25 39 34 36 44 22 29 18 4 5 43 14 41 
4 123 29 14 49 40 20 41 21 24 16 35 45 2 7 9 32 6 22 48 38 1 27 30 19 37 29 43 23 46 31 10 
4 46 16 24 46 25 48 13 10 50 33 44 49 6 1 8 29 21 11 
9 238 45 22 13 46 12 20 48 9 45 24 10 49 19 37 36 30 25 26 31 39 32 16 29 6 15 41 1 34 18 43 42 50 8 11 28 40 47 4 44 7 5 23 17 3 2 33 
5 152 41 19 26 13 2 8 40 39 24 36 22 20 17 49 18 46 21 16 28 44 29 25 27 10 3 35 12 48 33 38 41 43 7 14 42 47 34 32 30 23 15 9 
9 259 38 11 46 31 28 32 8 5 41 17 29 2 36 45 22 19 14 47 44 30 6 1 27 38 37 18 13 7 48 33 24 42 50 21 12 15 26 49 43 
6 257 17 48 42 27 37 12 24 50 29 23 36 34 15 39 16 17 40 31 
7 8 24 21 47 2 6 42 17 19 1 24 46 9 20 48 45 22 27 31 41 35 23 50 13 29 39 
1 284 32 28 27 21 33 31 20 8 42 17 37 22 4 11 48 40 23 43 24 39 46 7 15 3 29 9 6 26 45 14 2 10 32 
10 83 20 1 27 44 49 8 40 28 11 2 4 16 35 19 50 13 9 24 20 29 15 
4 185 28 7 12 10 29 3 44 1 19 33 8 37 23 25 22 24 49 34 40 36 11 2 13 43 16 45 14 26 41 
3 282 31 6 20 10 30 39 26 21 32 38 44 47 2 48 42 7 29 50 12 28 11 27 49 40 16 31 18 19 23 41 15 9 
6 258 16 49 23 41 35 40 5 14 20 7 33 25 39 47 12 18 11 
7 268 31 49 2 5 32 34 11 16 26 36 45 20 9 7 30 31 19 28 3 42 4 50 37 40 22 1 23 48 38 8 47 17 
3 182 31 9 17 20 11 2 34 24 14 47 42 5 32 15 28 13 25 37 23 18 40 49 19 1 48 10 35 7 50 46 44 16 
1 271 40 46 14 41 8 1 40 22 18 32 16 30 48 34 42 11 12 21 9 45 20 35 23 5 33 31 43 26 7 4 49 47 36 2 50 38 28 27 37 24 17 
9 234 37 48 18 5 40 22 33 49 6 29 19 20 30 44 17 46 45 8 14 13 21 12 50 28 7 35 43 31 24 38 11 47 25 15 1 2 16 41 
3 266 18 5 35 16 8 40 10 25 46 9 12 26 7 19 4 43 3 27 50 
5 11 15 6 36 46 37 10 2 15 1 41 30 14 44 23 16 4 
9 29 38 3 27 38 5 48 20 9 40 1 10 34 17 28 50 31 29 37 33 45 43 13 2 19 49 42 32 41 8 44 23 4 21 12 14 24 39 35 46 
1 278 14 11 26 22 35 10 49 27 33 47 44 8 17 1 37 
1 139 4 49 24 44 12 
2 72 47 41 2 15 22 12 31 23 50 21 43 28 7 46 39 38 6 8 37 3 25 29 47 20 10 44 5 42 1 18 30 32 35 16 4 49 9 11 45 40 36 48 19 33 27 14 26 13 
4 13
2 11
8 9
2 12
1 2
5 5
7 10
2 8
4 6
2 8
7 5
1 6
8 13
7 11
4 11
6 10
10 4
5 13
5 10
3 10
6 12
9 6
7 4
3 5
3 11
3 10
5 2
5 8
5 11
6 14
3 2
1 12
8 5
9 13
9 9
3 10
3 3
5 5
2 3
5 2
5 8
1 3
2 3
7 10
3 13
8 13
6 13
7 4
8 9
2 5
