9

5 3 2
0 900
0 -1000
0 904
0 -1003
0 0

5 3 1
0 0
0 3
0 4
0 5
0 6

7 15 2
0 4
0 6
0 12
0 27
0 38
0 46
0 50

10 16 3
0 9
0 19
0 21
0 29
0 44
0 57
0 72
0 83
0 94
0 97

10 7 2
0 0
0 6
0 7
0 8
0 14
0 21
0 22
0 23
0 24
0 25

15 5 2
0 1
0 2
0 3
0 4
0 5
0 6
0 7
0 8
0 9
0 10
0 11
0 12
0 13
0 14
0 15

6 40 3
0 295
0 323
0 343
0 1000
0 263
0 316

10 4 3
0 -919
0 -921
0 -922
0 -918
0 -926
0 -924
0 -920
0 -917
0 -457
0 129

13 63 2
0 -709
0 -694
0 -735
0 -770
0 -629
0 -732
0 -756
0 -758
0 -723
0 -818
0 -799
0 -680
0 -782
