4 100
1 1
1 2
1 3
1 4

2 2000000000
1999999990 2000000000
1 20

7 1000000
1 1000000
1 1000000
1 1000000
1 1000000
1 1000000
1 1000000
1 1000000

4 2000000000
1 500000000
1 500000000
1 500000000
1 500000000

4 2000000000
1 500000000
1 500000001
1 500000000
1 500000000

4 2000000000
499999999 1000000000
500000000 1000000000
500000000 1000000000
500000000 1000000000

3 25
1 10
1 10
1 10

1 100
20 30

2 200
90 100
100 110

5 1000
1 2000
100 200
34 90
20 1000
4 1

3 500
1 1000
1 1000
1 1000

5 3
1 10
1 10
1 10
1 10
1 10

3 100
1 5
1 10
2 8
