10
4
1 2 3 4
5 6 7 8
9 10 11 12
13 14 15 16
3
234 323 199
390 102 879
200 263 433
2
96 19
97 59
4
2 52 42 72
66 58 6 83
73 83 69 97
28 81 54 40
5
10 46 61 32 39
98 84 67 4 5
32 77 49 83 11
77 53 8 64 23
15 61 24 14 96
6
60 13 46 93 76 98
33 77 57 35 83 21
11 50 88 1 87 61
54 78 73 4 39 90
47 51 5 1 92 60
34 3 24 31 47 52
4
28 28 3 16
23 26 8 4
1 30 10 9
18 20 30 10
6
3 20 3 18 14 27
27 13 21 17 5 11
13 12 3 2 27 6
7 8 25 6 7 7
29 6 16 6 12 19
1 6 30 26 24 13
7
16 7 68 32 29 23 48
88 65 100 41 23 28 77
48 46 30 47 73 18 84
52 21 22 45 57 68 91
36 27 45 52 85 64 83
65 39 83 4 3 34 45
25 61 21 25 7 50 23
8
26 11 80 52 11 40 59 87
31 74 71 15 96 52 51 77
95 18 43 54 44 100 24 22
26 11 93 1 94 27 65 71
38 44 74 100 83 84 38 65
58 8 79 5 11 82 33 6
51 27 59 94 78 34 15 3
96 59 55 41 85 71 64 74
