8

100.00
489.12
12454.12
1234.10
823.05
109.20
5.27
1542.25
839.18
83.99
1295.01
1.75

100000.00
489120.00
12454120.00
1234100.00
823050.00
109200.00
5270.00
1542250.00
839180.00
83990.00
1295010.00
1750.00

0.00
0.50
0.50
0.50
0.00
0.00
0.50
0.00
0.50
0.00
0.00
0.50

0.00
0.50
0.50
0.50
0.00
0.00
0.50
0.00
0.50
0.00
0.00
0.48

0.00
0.50
0.50
0.50
0.00
0.00
0.50
0.00
0.50
0.00
0.00
0.47

0.00
0.01
0.01
0.01
0.00
0.00
0.01
0.00
0.01
0.00
0.00
0.01

0.00
0.01
0.01
0.01
0.00
0.00
0.01
0.00
0.01
0.00
0.00
0.00

0.01
0.01
0.01
0.01
0.00
0.00
0.01
0.00
0.01
0.00
0.00
0.01
