7

1 1 20 C
1 1 25 C

1 3 140 I

6 8 17 I
1 5 24 C
6 5 26 I
4 8 83 C
6 5 106 C
5 6 118 R
1 4 121 C
7 2 131 I
3 6 153 I
10 7 158 U
4 7 234 I
9 9 294 I

1 1 12 I
2 3 61 C
1 2 105 E
2 1 134 R
2 1 160 C
1 2 171 R
1 2 210 E
2 3 223 I

1 1 4 R
1 1 10 I
2 1 127 C
5 1 145 C
4 1 225 U
1 1 237 C
5 1 280 C
1 1 285 I
3 1 286 C
2 1 292 C
1 1 293 C
3 1 297 C

4 1 16 C
4 1 71 I
5 1 105 C
3 1 112 I
5 1 123 I
3 1 245 R
2 1 266 C
4 1 282 E
4 1 294 C

1 3 14 I
2 3 24 I
2 3 52 U
3 3 72 I
1 2 85 I
3 1 162 C
2 3 206 R
3 1 207 I
1 2 226 I
3 1 281 C
2 1 297 C
