11

10 10
1 2 33
2 3 15
3 2 -42
1 4 200
4 5 2
5 4 -3
6 7 -6
7 6 5
0 8 -3
8 9 -4

6 5
0 1 10
0 2 30
0 3 50
3 4 -20
3 5 50

4 4
0 1 1
1 2 1
2 1 -3
3 0 1

1000 9
10 11 -10
11 12 -10
12 10 10
998 999 -10
999 998 9
800 12 1000
750 999 1000
750 111 -1000
111 750 1000

7 6
0 4 601
1 2 -642
1 0 370
4 2 -233
4 6 -403
6 1 -703

6 6
0 1 10
1 2 20
2 0 -40
3 4 5
4 5 7
5 4 -13

8 14
5 2 -318
0 1 -421
1 2 -725
4 5 428
4 0 277
3 2 454
3 5 773
6 7 110
4 5 -896
2 5 -905
1 7 577
3 7 -751
6 4 -628
3 0 565

4 4
2 3 -30
0 2 5
0 1 -10
1 0 -20

6 8
3 1 -18
3 5 -29
1 2 -47
5 1 -8
0 4 -85
0 1 99
3 4 -89
4 3 -57

2 2
1 0 -7
0 1 48

6 8
4 3 -96
5 0 -28
2 1 -33
5 1 -86
3 1 -40
2 0 -2
1 2 36
5 4 -43
