2

32 3
0 6688
1 2447
2 7606
1 3203
4 8252
4 4393
6 7858
0 5613
0 2166
2 6841
0 9293
11 1582
11 2903
5 5900
10 7451
14 4487
3 3898
8 3972
12 6382
13 1872
0 2204
15 1594
1 8160
21 6165
24 6180
2 7035
16 8712
27 1275
17 4579
15 5612
13 7301
29 3958
10 4558
22 1087

32 3
0 3663
1 7099
0 9891
3 8631
4 8601
4 4726
4 6856
7 2956
7 6727
9 3533
8 7756
7 6038
5 1945
13 2605
9 1396
9 496
8 5285
13 9980
12 2638
1 9577
4 6109
8 8722
3 8766
13 4882
19 2259
25 9502
26 261
18 1421
13 6798
17 234
20 8387
9 2557
11 2079
19 1176
