5

1 16 31 46 61
2 17 32 47 62
3 18    48 63
4 19 34 49 64
5 20 35 50 65
75 74 73 72 71 70 69 68 67 66
60 59 58 57 56 55 54 53 52 51
45 44 43 42 41 40 39 38 37 36
30 29 28 27 26 25 24 23 22 21
15 14 13 12 11 10  9  8  7  6
 1 17 31 47 61 63 49 65 35 19
 5  3 16 46  2 32 62 18 48  4
34 64 20 50 33

1 16 31 46 61
2 17 32 47 62
3 18    48 63
4 19 34 49 64
5 20 35 50 65
75 74 73 72 71 70 69 68 67 66
60 59 58 57 56 55 54 53 52 51
45 44 43 42 41 40 39 38 37 36
30 29 28 27 26 25 24 23 22 21
15 14 13 12 11 10  9  8  7  6
61 46 31 16  2 17 32 47 63 48
 3  4 34 49 65 20  5 19 64 35
50 18 63  1 33

1 16 31 46 61
2 17 32 47 62
3 18    48 63
4 19 34 49 64
5 20 35 50 65
75 74 73 72 71 70 69 68 67 66
60 59 58 57 56 55 54 53 52 51
45 44 43 42 41 40 39 38 37 36
30 29 28 27 26 25 24 23 22 21
15 14 13 12 11 10  9  8  7  6
61 46 31 16  2 17 32 47 63 48
 3  4 34 49 65 20  5 35 64 19
50 18 63  1 33

1 16 31 46 61
2 17 32 47 62
3 18    48 63
4 19 34 49 64
5 20 35 50 65
75 74 73 72 71 70 69 68 67 66
60 59 58 57 56 55 54 53 52 51
45 44 43 42 41 40 39 38 37 36
30 29 28 27 26 25 24 23 22 21
15 14 13 12 11 10  9  8  7  6
61 46 31 16  2 17 32 47 63 48
 3  4 34 49 65 20  5  1 64 19
50 18 63 35 33

1 16 31 46 61
2 17 32 47 62
3 18    48 63
4 19 34 49 64
5 20 35 50 65
75 74 73 72 71 70 69 68 67 66
60 59 58 57 56 55 54 53 52 51
45 44 43 42 41 40 39 38 37 36
30 29 28 27 26 25 24 23 22 21
15 14 13 12 11 10  9  8  7  6
61 46 31 16  2 17 32 47 63 48
 3  4 34 49 65 20  5 33 18 19
50 64 63 35  1
