13

5 5 10
4 5
1 5
3 3
1 3
3 1
4 2
4 4
1 4
2 3
2 4

1 1 1
1 1

5 5 2
2 3
2 3

6 11 28
1 1
1 3
1 4
1 5
1 7
1 9
1 10
1 11
2 1
2 7
2 10
2 11
3 5
3 6
3 9
3 10
4 1
4 4
4 5
4 9
5 5
5 8
5 11
6 4
6 7
6 8
6 9
6 11
16 20 158
1 2
1 5
1 8
1 10
1 11
1 13
1 15
1 16
1 19
1 20
2 1
2 2
2 3
2 4
2 6
2 10
2 11
2 12
2 13
2 14
2 15
2 17
2 19
3 1
3 6
3 8
3 9
3 10
3 14
3 20
4 4
4 5
4 6
4 7
4 8
4 9
4 11
4 14
4 15
4 16
4 18
4 20
5 4
5 5
5 7
5 11
5 14
5 15
5 16
6 2
6 4
6 6
6 12
6 16
6 18
6 19
7 1
7 3
7 4
7 5
7 7
7 9
7 10
7 12
7 13
7 16
8 3
8 6
8 9
8 10
8 14
8 16
8 18
8 19
8 20
9 2
9 4
9 6
9 7
9 9
9 10
9 13
9 16
9 17
9 19
10 2
10 3
10 5
10 6
10 7
10 8
10 10
10 17
10 18
10 20
11 2
11 3
11 4
11 5
11 6
11 10
11 11
11 16
11 17
11 18
11 20
12 3
12 4
12 5
12 6
12 7
12 11
12 13
12 15
12 18
13 2
13 4
13 5
13 9
13 10
13 11
13 13
13 14
13 15
13 19
13 20
14 3
14 4
14 5
14 6
14 7
14 8
14 11
14 12
14 13
14 14
14 16
14 17
14 19
15 1
15 2
15 4
15 6
15 7
15 11
15 13
15 14
15 18
15 19
16 1
16 3
16 4
16 5
16 6
16 10
16 12
16 14
16 19
1 11 6
1 1
1 2
1 3
1 4
1 5
1 6
12 10 72
1 1
1 2
1 3
1 4
1 5
1 9
1 10
2 1
2 2
2 3
2 4
2 7
2 8
2 9
2 10
3 6
3 9
3 10
4 1
4 2
4 6
4 7
5 1
5 2
5 3
5 4
5 7
5 8
5 9
6 2
6 4
6 5
6 8
6 9
6 10
7 1
7 4
7 5
7 6
7 7
7 9
7 10
8 2
8 4
8 7
8 8
8 9
9 1
9 4
9 5
9 6
9 7
9 8
9 9
10 3
10 4
10 5
10 10
11 1
11 4
11 5
11 7
11 8
11 9
11 10
12 1
12 3
12 4
12 5
12 7
12 8
12 9
8 14 53
1 4
1 10
1 13
2 1
2 3
2 5
2 7
2 12
2 13
2 14
3 1
3 2
3 3
3 4
3 5
3 6
3 14
4 2
4 3
4 4
4 5
4 8
4 10
4 11
4 13
5 1
5 2
5 3
5 7
5 8
5 11
6 3
6 5
6 8
6 13
6 14
7 1
7 3
7 5
7 6
7 7
7 8
7 9
7 11
7 12
8 1
8 2
8 4
8 5
8 6
8 8
8 9
8 12
17 16 135
1 1
1 2
1 3
1 4
1 5
1 6
1 10
1 11
1 12
1 13
1 14
2 7
2 8
2 10
2 11
2 13
2 14
2 15
3 3
3 4
3 5
3 6
3 9
3 10
3 11
3 14
3 16
4 3
4 7
4 9
4 13
4 14
4 16
5 3
5 4
5 5
5 6
5 7
5 10
5 14
5 15
6 1
6 8
6 10
6 11
6 15
7 4
7 5
7 6
7 8
7 12
7 13
7 14
7 15
7 16
8 3
8 6
8 10
8 12
8 13
8 15
8 16
9 2
9 3
9 5
9 6
9 7
9 8
9 9
9 10
9 12
9 13
9 16
10 2
10 3
10 6
10 8
10 9
10 10
10 13
10 14
10 16
11 1
11 2
11 3
11 6
11 7
11 8
11 12
12 1
12 5
12 7
12 9
12 10
12 11
12 14
12 16
13 2
13 3
13 6
13 7
13 8
13 9
13 12
13 14
13 15
14 1
14 2
14 5
14 6
14 7
14 8
14 11
14 13
14 14
14 16
15 1
15 2
15 3
15 4
15 8
15 10
15 12
15 14
15 15
15 16
16 2
16 3
16 7
16 12
16 16
17 2
17 6
17 11
17 15
10 13 64
1 2
1 3
1 4
1 5
1 6
1 9
1 12
1 13
2 2
2 3
2 4
2 5
2 7
2 8
2 10
2 11
2 13
3 1
3 2
3 4
3 8
4 1
4 4
4 5
4 6
4 10
4 11
4 12
5 1
5 3
5 6
5 7
5 10
6 3
6 8
6 9
6 10
6 12
7 3
7 4
7 5
7 7
7 10
7 11
7 13
8 1
8 2
8 8
8 9
8 10
8 11
8 12
9 1
9 2
9 5
9 7
9 9
10 1
10 4
10 5
10 6
10 8
10 9
10 13
6 8 24
1 1
1 3
1 5
1 6
2 1
2 2
2 5
2 6
3 4
3 6
3 7
3 8
4 1
4 3
4 4
4 5
5 1
5 2
5 6
5 7
5 8
6 2
6 3
6 6
11 1 8
1 1
3 1
4 1
5 1
7 1
8 1
9 1
11 1
8 8 34
1 3
1 4
1 8
2 1
2 2
2 4
2 7
3 2
3 6
3 7
3 8
4 7
5 2
5 3
5 4
5 5
5 6
6 1
6 2
6 3
6 4
6 5
6 7
6 8
7 1
7 2
7 3
7 7
8 1
8 2
8 3
8 4
8 5
8 7
