10
5 4 3
2 3 0
0 2 50
4 0 34
2 4 87
3 2 10
4 6 2
0 3
3 2 35
2 0 2
2 1 90
3 1 44
2 3 61
0 2 74
8 9 5
4 7 1 5 3
4 7 94
2 1 3
3 7 31
0 4 29
7 2 6
5 0 88
7 5 53
3 1 9
5 6 76
3 6 2
0 1
1 2 23
0 2 26
1 0 92
2 1 80
0 1 47
2 0 50
4 7 3
1 2 3
2 0 59
1 3 11
3 2 82
3 1 92
1 0 14
2 1 88
0 1 22
4 11 4
0 3 2 1
3 1 42
2 0 16
0 2 17
0 1 4
1 0 17
3 0 82
1 3 40
3 2 100
2 3 29
2 1 82
0 3 79
10 12 6
0 4 7 9 8 3
7 0 92
8 0 69
6 5 72
0 5 27
5 4 95
0 1 95
2 5 4
1 5 31
1 9 7
9 8 2
0 6 18
1 8 36
4 6 2
1 2
2 3 54
0 1 96
3 1 6
1 0 47
0 2 43
2 0 64
4 7 4
1 2 3 0
0 2 48
2 3 13
1 2 22
3 0 27
2 0 77
3 1 69
2 1 66
5 11 4
1 2 3 4
1 0 81
2 4 32
1 3 53
0 2 98
4 2 43
4 0 98
3 4 95
0 1 4
1 4 71
0 3 14
1 2 11
