2

7 2
0 2
11 1
18 6
15 18
10 18
20 11
10 15

16 16
7 12 6 7 9 13 2 16 16 1 2 11 0 7 8 0
13 14 16 0 2 1 20 2 10 9 2 19 1 9 6 6
1 12 13 10 2 13 3 19 14 4 7 12 9 15 12 1
8 6 20 8 5 18 10 13 6 11 12 5 20 16 11 19
7 2 6 8 15 8 4 9 12 11 0 0 5 11 20 11
17 17 20 1 14 7 14 19 18 3 3 16 19 15 12 4
17 19 10 11 6 14 18 16 4 19 14 7 7 11 16 3
7 13 2 1 0 14 18 16 16 0 9 12 15 1 14 9
18 3 0 1 17 18 17 19 14 8 5 19 19 20 1 5
12 1 4 10 14 1 4 9 2 13 0 15 12 15 4 7
18 2 8 13 20 2 11 12 10 15 8 8 14 10 12 3
9 16 14 2 18 18 9 18 8 8 12 19 0 14 5 16
16 12 8 14 12 18 5 2 12 11 8 3 19 20 6 8
14 18 8 9 13 16 6 20 3 16 18 1 10 0 17 5
10 5 19 2 0 1 2 12 13 8 15 11 8 19 17 1
17 3 8 9 19 14 8 1 7 3 0 17 2 17 2 12
